      
  
 
 
 
   
   
 
   
  
    
 
 
    
    
  
      

ΞΞΪ 7 «7777717777» 7 7777777777777777 777777777Ξζ7 «Ὗ
, 7 . 7 ι 7 7 ..7 .

7777777777 (777777 77 77 77 77777 777777Ἀκ 7κζῖ7ῗ7ἶῖ ἲζῖκ 7777777777 777, ...—

777777- 777 [777717 7777, , 7 7777 777 7777777777 77777777 777-7κ777777777777 7777
7777777777777777777777777777 777 7 77 777777ί777ί77777777 7....777771777777η7ῐ777777
77777777777777 «777 ii 7 7 . 77777777ι [777777 1:53?- 777 ..77777777
:LE [77777 7777777777 7777 77 77777777 7777 777777 777777777777 777.77ἶ,7777777,77
777.777777;77777777 77777777777777 7 7777 1777777κ 777 [7777777777 777 (HL-e:
777 .,777..77777π7777777 7. 77 7 7 fii> 7777777777. 777 ,7777777777 77
777777 7 77777] 7,.777 7 77 7 7 77777777, 7777 777777777777777 77777777777777 ΞΞ
777771. 777 ,7777777777777 7777, 77777777 7777777777 777717777ιῐ77777777777 :z
,7777777777777777 Ῐ7..77777 . 77777 77777777777777 5777777777) 7777] ,77777777
77777777777777777777777777 ,77777777 77,,77 77 ,7777777777 7777777 77777777 777 ..z
,7777777777 .,.77777,,.777777 7777777777 77 777 „CA-:7:— ..:..:- 777777,.7777777777.7ν7 ,7.
7777 ..777 ,777777777 777 ,7777777 ,77 777777 7777777777 777777777717777777777777
777 ,77777777777777 777 77777777777777. 777777 litut? 7777777777 7ι 777 7,..7777 ⁴.-
[7777 7,....777777777 7777777777777777. 7777777777 ,7777777777 777 7,7.7 ,777777 [xz.
,7777717777777777777 7777777777 7777777777 ,st—33:23„ -Z.J.:„L:.— 27777777

777777 ,7.7777 77777] 77 777777. 77777777777777777 7777773777 ,7777777377 7777777777

7
77777777 777 ,77777777 ,7777777 77 777777777777 „A&rs-42:222} 77777777 ,7777777777 ff
,(777777777ί. ..7,77777- 777 ,7 77 77777777 77777771777777777 ἾΙΊΞΤ ωυ.[7.Ξ777777κ

,777777 717 [7777777 777 7 7 7,777 77,7 77777777777777777777 777-7777771777, 7777777777

7777 ,77777777777777777777777 7777Π 77 777 777777777777777 [777777777777 ι7777η77777 χ
l: 777777777777777η 1777777777 777 777.7τ,77.777, ,77777777777 7777777177 7777 ,7777717777
7777777777777777177777..777 7777777771 777] 7777777777 7777 7777377777 ,7777777 ,7777777777

77777777 777 s- 777 7777777777. 7. 7 777777771777777777777777 7777777777 7777777777,1777777

77777 7777777.. 77777 ,7777777777777ι 777777777177777] ,7777777 ,7.[7ζ777777777777 [77777 D

77777777 ..7777777772 777777 777 77777777). ..7.77777.Τ777777Ξ 77777, [23:-

 

   

   

 

531 7 7 7ί77ί7777 77]. 777717777777777777777» ,ί77ν7777ῑ

